PAGE 8 size=595.2760009765625x841.8900146484375
Frequência Limite: (31.18, 759.02, 99.31, 770.05), (115.0, 793.22, 182.37, 804.25)
Frequencia Limite: 
Temperatura (K): 
4 800: 
4800: (126.16, 781.82, 147.29, 792.85)
QUESTÃO 18: (31.18, 654.81, 105.37, 671.47)
QUESTÃO 37: 
WORD (31.181100845336914, 119.0943374633789, 81.3125991821289, 130.12384033203125, 'temperatura', 2, 4, 0)
WORD (169.7021942138672, 391.71771240234375, 190.83018493652344, 402.7472229003906, '5000', 10, 2, 9)
WORD (81.04660034179688, 529.4317016601562, 131.17808532714844, 540.461181640625, 'temperatura', 16, 1, 3)
WORD (41.56460189819336, 679.21875, 91.69609832763672, 690.2482299804688, 'temperatura', 22, 0, 1)
WORD (117.69759368896484, 747.6187133789062, 167.82908630371094, 758.648193359375, 'temperatura', 22, 6, 4)
WORD (31.181100845336914, 759.0187377929688, 73.7601089477539, 770.0482177734375, 'frequência', 22, 7, 0)
WORD (77.151611328125, 759.0187377929688, 99.30561065673828, 770.0482177734375, 'limite', 22, 7, 1)
WORD (126.15939331054688, 781.8187255859375, 147.28738403320312, 792.8482055664062, '4800', 22, 9, 6)
WORD (114.99788665771484, 793.21875, 157.57687377929688, 804.2482299804688, 'frequência', 22, 10, 3)
WORD (160.21788024902344, 793.21875, 182.37185668945312, 804.2482299804688, 'limite', 22, 10, 4)
