WORDS x=20..300 y=250..450
(31.181100845336914, 254.0037078857422, 63.89910888671875, 265.033203125, 'vimento', 4, 7, 0)
(68.02210998535156, 254.0037078857422, 72.77210998535156, 265.033203125, 'a', 4, 7, 1)
(76.89511108398438, 254.0037078857422, 119.64511108398438, 265.033203125, 'velocidade', 4, 7, 2)
(123.76811218261719, 254.0037078857422, 133.80010986328125, 265.033203125, 'da', 4, 7, 3)
(137.92311096191406, 254.0037078857422, 168.0095977783203, 265.033203125, 'cápsula', 4, 7, 4)
(172.13259887695312, 254.0037078857422, 176.88259887695312, 265.033203125, 'é', 4, 7, 5)
(182.3813018798828, 254.1575164794922, 190.47064208984375, 267.2728271484375, 'v0', 4, 7, 6)
(202.3813018798828, 254.21751403808594, 224.83131408691406, 265.8275146484375, '7000', 4, 8, 0)
(194.47129821777344, 253.2775115966797, 199.9613037109375, 265.52752685546875, '=', 4, 9, 0)
(227.79129028320312, 254.21751403808594, 245.5112762451172, 265.8275146484375, 'm/s,', 4, 10, 0)
(251.12930297851562, 254.0037078857422, 268.5523376464844, 265.033203125, 'qual', 4, 10, 1)
(272.6753234863281, 254.0037078857422, 277.4253234863281, 265.033203125, 'é', 4, 10, 2)
(281.5483093261719, 254.0037078857422, 286.2983093261719, 265.033203125, 'a', 4, 10, 3)
(31.181100845336914, 265.4037170410156, 66.54010772705078, 276.4332275390625, 'distância', 4, 11, 0)
(69.18110656738281, 265.4037170410156, 110.17359924316406, 276.4332275390625, 'percorrida', 4, 11, 1)
(112.8145980834961, 265.4037170410156, 125.47809600830078, 276.4332275390625, 'até', 4, 11, 2)
(128.1190948486328, 265.4037170410156, 133.40109252929688, 276.4332275390625, 'o', 4, 11, 3)
(136.04209899902344, 265.4037170410156, 162.43309020996094, 276.4332275390625, 'tempo', 4, 11, 4)
(166.4477996826172, 265.5575256347656, 169.77780151367188, 277.2275390625, 't', 4, 11, 5)
(173.4178009033203, 264.67755126953125, 178.90780639648438, 276.92755126953125, '=', 4, 11, 6)
(181.47779846191406, 265.6175537109375, 198.2978057861328, 277.2275390625, '200', 4, 11, 7)
(201.3177947998047, 265.6175537109375, 210.84779357910156, 277.2275390625, 's?', 4, 11, 8)
(35.18109893798828, 289.0326843261719, 42.57209777832031, 300.06219482421875, 'a)', 5, 0, 0)
(49.35430145263672, 289.0326843261719, 70.4822998046875, 300.06219482421875, '1300', 5, 0, 1)
(73.12329864501953, 289.0326843261719, 88.42779541015625, 300.06219482421875, 'km.', 5, 0, 2)
(35.18109893798828, 312.3711853027344, 43.10409927368164, 323.40069580078125, 'b)', 6, 0, 0)
(49.35430145263672, 312.3711853027344, 70.4822998046875, 323.40069580078125, '1400', 6, 0, 1)
(73.12329864501953, 312.3711853027344, 88.42779541015625, 323.40069580078125, 'km.', 6, 0, 2)
(162.24009704589844, 289.0326843261719, 169.09910583496094, 300.06219482421875, 'c)', 7, 0, 0)
(176.4134063720703, 289.0326843261719, 197.54139709472656, 300.06219482421875, '1500', 7, 0, 1)
(200.18240356445312, 289.0326843261719, 215.48690795898438, 300.06219482421875, 'km.', 7, 0, 2)
(162.24009704589844, 312.3711853027344, 170.16310119628906, 323.40069580078125, 'd)', 8, 0, 0)
(176.4134063720703, 312.3711853027344, 197.54139709472656, 323.40069580078125, '4900', 8, 0, 1)
(200.18240356445312, 312.3711853027344, 215.48690795898438, 323.40069580078125, 'km.', 8, 0, 2)
(31.181100845336914, 344.50830078125, 87.16709899902344, 361.1683044433594, 'QUESTÃO', 9, 0, 0)
(90.80709838867188, 344.50830078125, 105.36709594726562, 361.1683044433594, '16', 9, 0, 1)
(31.181100845336914, 368.9176940917969, 51.777103424072266, 379.94720458984375, 'Após', 10, 0, 0)
(59.795101165771484, 368.9176940917969, 80.89459991455078, 379.94720458984375, 'viajar', 10, 0, 1)
(88.91259765625, 368.9176940917969, 105.80359649658203, 379.94720458984375, 'pela', 10, 0, 2)
(113.82159423828125, 368.9176940917969, 154.4530792236328, 379.94720458984375, 'atmosfera', 10, 0, 3)
(162.47108459472656, 368.9176940917969, 176.19857788085938, 379.94720458984375, 'por', 10, 0, 4)
(184.21658325195312, 368.9176940917969, 235.94406127929688, 379.94720458984375, 'determinado', 10, 0, 5)
(243.96206665039062, 368.9176940917969, 272.99407958984375, 379.94720458984375, 'tempo,', 10, 0, 6)
(281.0120849609375, 368.9176940917969, 286.2940979003906, 379.94720458984375, 'o', 10, 0, 7)
(31.181100845336914, 380.3177185058594, 62.331607818603516, 391.34722900390625, 'módulo', 10, 1, 0)
(69.74161529541016, 380.3177185058594, 79.77361297607422, 391.34722900390625, 'da', 10, 1, 1)
(87.1836166381836, 380.3177185058594, 129.93362426757812, 391.34722900390625, 'velocidade', 10, 1, 2)
(137.3436279296875, 380.3177185058594, 147.37562561035156, 391.34722900390625, 'da', 10, 1, 3)
(154.78562927246094, 380.3177185058594, 187.51312255859375, 391.34722900390625, 'cápsula,', 10, 1, 4)
(194.92312622070312, 380.3177185058594, 210.23712158203125, 391.34722900390625, 'que', 10, 1, 5)
(217.65663146972656, 380.3177185058594, 266.2016296386719, 391.34722900390625, 'inicialmente', 10, 1, 6)
(273.61163330078125, 380.3177185058594, 286.275146484375, 391.34722900390625, 'era', 10, 1, 7)
(31.181100845336914, 391.6607360839844, 38.462459564208984, 404.88470458984375, 'v0', 10, 2, 0)
(40.04499816894531, 391.71771240234375, 45.744998931884766, 402.7472229003906, '=', 10, 2, 1)
(48.47149658203125, 391.71771240234375, 69.59949493408203, 402.7472229003906, '7000', 10, 2, 2)
(72.32599639892578, 391.71771240234375, 89.21699523925781, 402.7472229003906, 'm/s,', 10, 2, 3)
(91.94349670410156, 391.71771240234375, 106.19349670410156, 402.7472229003906, 'fica', 10, 2, 4)
(108.91999816894531, 391.71771240234375, 144.1174774169922, 402.7472229003906, 'reduzido', 10, 2, 5)
(146.84397888183594, 391.71771240234375, 151.59397888183594, 402.7472229003906, 'a', 10, 2, 6)
(154.33140563964844, 391.6607360839844, 158.54940795898438, 402.7472229003906, 'v', 10, 2, 7)
(161.27569580078125, 391.71771240234375, 166.97569274902344, 402.7472229003906, '=', 10, 2, 8)
(169.7021942138672, 391.71771240234375, 190.83018493652344, 402.7472229003906, '5000', 10, 2, 9)
(193.5566864013672, 391.71771240234375, 210.44769287109375, 402.7472229003906, 'm/s.', 10, 2, 10)
(213.1741943359375, 391.71771240234375, 238.5201873779297, 402.7472229003906, 'Sendo', 10, 2, 11)
(241.24668884277344, 391.71771240234375, 245.99668884277344, 402.7472229003906, 'a', 10, 2, 12)
(248.7231903076172, 391.71771240234375, 273.5276794433594, 402.7472229003906, 'massa', 10, 2, 13)
(276.2541809082031, 391.71771240234375, 286.28619384765625, 402.7472229003906, 'da', 10, 2, 14)
(31.181100845336914, 403.1177062988281, 61.26760482788086, 414.147216796875, 'cápsula', 10, 3, 0)
(64.90640258789062, 403.06072998046875, 72.81990051269531, 414.147216796875, 'm', 10, 3, 1)
(76.45829772949219, 403.1177062988281, 82.15829467773438, 414.147216796875, '=', 10, 3, 2)
(85.79679107666016, 403.1177062988281, 106.9247817993164, 414.147216796875, '3000', 10, 3, 3)
(110.56327819824219, 403.1177062988281, 123.23627471923828, 414.147216796875, 'kg,', 10, 3, 4)
(126.87477111816406, 403.1177062988281, 144.29776000976562, 414.147216796875, 'qual', 10, 3, 5)
(147.93626403808594, 403.1177062988281, 158.49075317382812, 414.147216796875, 'foi', 10, 3, 6)
(162.12925720214844, 403.1177062988281, 167.4112548828125, 414.147216796875, 'o', 10, 3, 7)
(171.0497589111328, 403.1177062988281, 204.8317413330078, 414.147216796875, 'trabalho', 10, 3, 8)
(208.47024536132812, 403.1177062988281, 218.5022430419922, 414.147216796875, 'da', 10, 3, 9)
(222.1407470703125, 403.1177062988281, 242.71774291992188, 414.147216796875, 'força', 10, 3, 10)
(246.3562469482422, 403.1177062988281, 286.2943115234375, 414.147216796875, 'resultante', 10, 3, 11)
(31.181100845336914, 414.5177001953125, 53.18310546875, 425.5472106933594, 'sobre', 10, 4, 0)
(55.82410430908203, 414.5177001953125, 60.57410430908203, 425.5472106933594, 'a', 10, 4, 1)
(63.21510314941406, 414.5177001953125, 93.30160522460938, 425.5472106933594, 'cápsula', 10, 4, 2)
(95.9426040649414, 414.5177001953125, 127.61559295654297, 425.5472106933594, 'durante', 10, 4, 3)
(130.256591796875, 414.5177001953125, 147.1475830078125, 425.5472106933594, 'esse', 10, 4, 4)
(149.78858947753906, 414.5177001953125, 180.92958068847656, 425.5472106933594, 'tempo?', 10, 4, 5)
(35.18109893798828, 438.1466979980469, 42.57209777832031, 449.17620849609375, 'a)', 11, 0, 0)
(49.35430145263672, 438.1466979980469, 72.59130096435547, 449.17620849609375, '–11,1', 11, 0, 1)
(75.2322998046875, 438.1466979980469, 80.93229675292969, 449.17620849609375, '×', 11, 0, 2)
(83.57329559326172, 437.6466064453125, 100.26432037353516, 449.17620849609375, '1010', 11, 0, 3)
(103.32779693603516, 438.1466979980469, 109.13229370117188, 449.17620849609375, 'J.', 11, 0, 4)
(162.24009704589844, 438.1466979980469, 169.09910583496094, 449.17620849609375, 'c)', 13, 0, 0)
(176.4134063720703, 438.1466979980469, 199.65040588378906, 449.17620849609375, '–6,00', 13, 0, 1)
(202.29141235351562, 438.1466979980469, 207.9914093017578, 449.17620849609375, '×', 13, 0, 2)
(210.63241577148438, 437.6466064453125, 224.259765625, 449.17620849609375, '106', 13, 0, 3)
(227.32330322265625, 438.1466979980469, 233.1278076171875, 449.17620849609375, 'J.', 13, 0, 4)
DRAWINGS x=20..300 y=250..450
rect=(31.18, 352.84, 286.3, 352.84) items=1 width=21.0 color=(0.920058012008667, 0.9229419231414795, 0.9258258938789368) fill=None
