PAGE 8 size=595.2760009765625x841.8900146484375
4800: (126.16, 781.82, 147.29, 792.85)
5000: (169.7, 391.72, 190.83, 402.75)
Temperatura: (31.18, 119.09, 81.31, 130.12), (81.05, 529.43, 131.18, 540.46), (41.56, 679.22, 91.7, 690.25), (117.7, 747.62, 167.83, 758.65)
10: (163.76, 49.49, 174.33, 60.52), (83.57, 438.15, 94.14, 449.18), (94.14, 437.65, 100.26, 444.04), (83.57, 461.49, 94.14, 472.51), (94.14, 460.99, 100.26, 467.38), (210.63, 438.15, 221.2, 449.18), (210.63, 461.49, 221.2, 472.51), (78.82, 599.33, 89.39, 610.36), (78.82, 622.67, 89.39, 633.7), (205.88, 599.33, 216.45, 610.36), (205.88, 622.67, 216.45, 633.7), (489.48, 49.63, 500.04, 60.66), (308.98, 729.43, 319.54, 740.46), (514.46, 729.43, 525.02, 740.46)
5: (146.3, 72.75, 151.5, 84.65), (98.09, 182.6, 105.37, 199.26), (73.49, 242.25, 79.05, 253.86), (181.7, 289.03, 186.98, 300.06), (169.7, 391.72, 174.98, 402.75), (467.41, 272.79, 472.7, 283.82)
1: (163.76, 49.49, 169.04, 60.52), (141.1, 72.75, 146.3, 84.65), (156.33, 72.75, 161.53, 84.65), (171.56, 72.75, 176.76, 84.65), (192.16, 72.75, 197.36, 84.65), (90.81, 182.6, 98.09, 199.26), (49.35, 289.03, 54.64, 300.06), (49.35, 312.37, 54.64, 323.4), (176.41, 289.03, 181.7, 300.06), (90.81, 344.51, 98.09, 361.17), (54.1, 438.15, 64.67, 449.18), (67.31, 438.15, 72.59, 449.18), (83.57, 438.15, 88.86, 449.18), (94.14, 437.65, 97.2, 444.04), (83.57, 461.49, 88.86, 472.51), (94.14, 460.99, 97.2, 467.38), (210.63, 438.15, 215.91, 449.18), (210.63, 461.49, 215.91, 472.51), (90.81, 493.62, 98.09, 510.28), (201.54, 540.83, 206.82, 551.86), (49.35, 599.33, 54.64, 610.36), (78.82, 599.33, 84.11, 610.36), (78.82, 622.67, 84.11, 633.7), (89.39, 621.74, 92.61, 628.48), (205.88, 599.33, 211.16, 610.36), (205.88, 622.67, 211.16, 633.7), (90.81, 654.81, 98.09, 671.47), (489.48, 49.63, 494.76, 60.66), (327.15, 296.13, 332.43, 307.16), (368.6, 331.1, 375.88, 347.76), (444.7, 580.34, 449.9, 592.24), (308.98, 729.43, 314.26, 740.46), (514.46, 729.43, 519.74, 740.46), (529.41, 728.5, 532.64, 735.24)
NUMERIC WORDS:
(169.7021942138672, 391.71771240234375, 190.83018493652344, 402.7472229003906, '5000', 10, 2, 9)
(126.15939331054688, 781.8187255859375, 147.28738403320312, 792.8482055664062, '4800', 22, 9, 6)
DRAWINGS x<320 y=250..500:
rect=(31.18, 352.84, 286.3, 352.84) items=1 width=21.0 color=(0.920058012008667, 0.9229419231414795, 0.9258258938789368) fill=None
rect=(308.98, 339.43, 564.09, 339.43) items=1 width=21.0 color=(0.920058012008667, 0.9229419231414795, 0.9258258938789368) fill=None
PAGE 9 size=595.2760009765625x841.8900146484375
10: (240.12, 362.73, 250.68, 373.75), (73.54, 509.23, 84.11, 520.26), (73.54, 532.57, 84.11, 543.6), (205.88, 509.23, 216.45, 520.26), (211.16, 532.57, 221.73, 543.6)
5: (189.62, 509.23, 194.9, 520.26), (194.9, 532.57, 200.18, 543.6)
1: (49.35, 212.64, 54.64, 223.66), (176.41, 235.97, 181.7, 247.0), (98.09, 268.11, 105.37, 284.77), (154.99, 338.54, 160.27, 349.57), (140.08, 357.24, 143.26, 364.64), (71.5, 368.5, 74.56, 374.89), (201.31, 368.5, 204.37, 374.89), (240.12, 362.73, 245.4, 373.75), (183.19, 374.13, 188.47, 385.15), (73.54, 509.23, 78.82, 520.26), (73.54, 532.57, 78.82, 543.6), (176.41, 509.23, 181.7, 520.26), (205.88, 509.23, 211.16, 520.26), (211.16, 532.57, 216.45, 543.6), (509.66, 601.2, 513.5, 610.5)
NUMERIC WORDS:
DRAWINGS x<320 y=250..500:
rect=(31.18, 276.44, 286.3, 276.44) items=1 width=21.0 color=(0.920058012008667, 0.9229419231414795, 0.9258258938789368) fill=None
